1100001111100000000100000
1100000110100100001000000
0000000000000111111010011
1100000101110010000100001
0001000000000011000010010
1100000011101110001000001
0011000000000001100110011
1100000011000100001100010
1100001010001000011100000
0011000000001001010111011
1000001010010010101101100
0010000000000001110010011
1100001101001110110101000
0011000000000000101111001
1100001111010100111001011
0011000000000001010000100
1100001100001000111100000
0001000000000101111010000
1100001101001111000001111
0010000000000100110010111
1100000001001111000101111
0001000000000010110110001
1100000001011110111101111
0000000000001111111110011
1100000001101001010110011
1100000000000000000000000
1100000000000000000000000
1100000000000000000000000
1100000000000000000000000
1100000000000000000000000
1100001111010000000100000
1100000110100010001000000
0000000000000111111010011
1100000101110010000100001
0001000000000011000010010
1100000011101010001000001
0011000000000001100110011
1100000011000100001100010
1100001010110110011100000
0011000000001001010111011
1000001010010010101101100
0010000000000001110010011
1100001101001110110101000
0011000000000000101111001
1100001111010100111001011
0011000000000001010000100
1100001100001000111100000
0001000000000101111010000
1100001101001111000001111
0010000000000100110010111
1100000001001111000101111
0001000000000010110110001
1100000001011110111101111
0000000000001111111110011
1100000001101001010110011
1100000000000000000000000
1100000000000000000000000
1100000000000000000000000
1100000000000000000000000
1100000000000000000000000
1100001111100000000100000
1100000110100100001000000
0000000000000111111010011
1100000101110010000100001
0001000000000011000010010
1100000011101110001000001
0011000000000001100110011
1100000011000100001100010
1100001010001000011100000
0011000000001001010111011
1000001010010010101101100
0010000000000001110010011
1100001101001110110101000
0011000000000000101111001
1100001111010100111001011
0011000000000001010000100
1100001100001000111100000
0001000000000101111010000
1100001101001111000001111
0010000000000100110010111
1100000001001111000101111
0001000000000010110110001
1100000001011110111101111
0000000000001111111110011
1100000001101001010110011
1100000000000000000000000
1100000000000000000000000
1100000000000000000000000
1100000000000000000000000
1100000000000000000000000
1100001111010000000100000
1100000110100010001000000
0000000000000111111010011
1100000101110010000100001
0001000000000011000010010
1100000011101010001000001
0011000000000001100110011
1100000011000100001100010
1100001010110110011100000
0011000000001001010111011
1000001010010010101101100
0010000000000001110010011
1100001101001110110101000
0011000000000000101111001
1100001111010100111001011
0011000000000001010000100
1100001100001000111100000
0001000000000101111010000
1100001101001111000001111
0010000000000100110010111
1100000001001111000101111
0001000000000010110110001
1100000001011110111101111
0000000000001111111110011
1100000001101001010110011
1100000000000000000000000
1100000000000000000000000
1100000000000000000000000
1100000000000000000000000
1100000000000000000000000
